image: /home/daniel/maps/cla_glass_hall.pgm
resolution: 0.020000
origin: [-43.920000, -33.680000, 0.000000]
negate: 0
occupied_thresh: 0.65
free_thresh: 0.196

