image: crowdmove3.pgm
resolution: 0.16000
origin: [-10.24, -10.24, 0.000000]
negate: 0
occupied_thresh: 0.65
free_thresh: 0.15 #0.196

