image: markmaze.pgm
resolution: 0.046
origin: [-8.5, -8.5, 0.000000]
# resolution: 0.027
# origin: [-5., -5., 0.000000]
negate: 0
occupied_thresh: 0.65
free_thresh: 0.15 #0.196
