image: openlab_office_j.pgm
resolution: 0.020000
origin: [-22.160000, -59.920000, 0.000000]
negate: 0
occupied_thresh: 0.65
free_thresh: 0.196

